palavra:peso
motor:5.198844667090954
pelo:5.198782710749184
conserto:5.198678738828776
fiat:5.19861281801496
golf:5.1981439853677776
sport:5.197610166886273
editora:5.197583603727946
blindado:5.1972932272551216
chassis:5.196514529385361
manutenção:5.195985542011936
muito:5.195077050530865
está:5.194742461797357
honda:5.193396077626297
admin:5.192381099707294
jardim:5.192381099707294
desconto:5.192199374948314
ford:5.191239653364055
esteira:5.190958867326272
carregadeira-:5.190446782081071
outubro:5.188063710301471
