palavra:peso
motor:5.198862060391179
janeiro:5.198860930515651
como:5.197755914137744
blindado:5.197455761843707
carros:5.19694425282816
chassis:5.196514529385361
toyota:5.196153948171021
classe:5.194228378137632
está:5.192818312338255
muito:5.192381099707294
admin:5.191451716099903
esteira:5.190958867326272
sport:5.190446782081071
carregadeira-:5.190446782081071
outubro:5.1899151011707785
pelo:5.188791472546203
respostas:5.188437470984954
dezembro:5.186949576328941
excluir:5.185612620494976
ford:5.183435043220514
